LLSR Weight:
[[ 5.67015691e-01  1.54881496e-01  6.40633511e-02 ... -1.52387553e-01
   1.00441990e-01  1.01723967e-03]
 [-4.21624499e-01 -2.21246186e-01 -1.79547899e-01 ...  2.21650957e-01
  -2.11648220e-01 -2.12883721e-02]
 [ 7.17018142e-01  7.58975797e-02 -2.44168920e-01 ...  1.19671462e-01
  -2.00681704e-01 -7.45417445e-02]
 ...
 [ 1.79040294e-01 -5.84444593e-04 -9.64224583e-02 ...  2.52579614e-02
  -4.85694155e-02 -2.40859838e-02]
 [-6.65984337e-02 -3.39664306e-02 -2.47107023e-02 ...  2.11859698e-02
  -3.08083903e-02 -1.66398427e-03]
 [-1.16801374e+00 -3.27215034e-01 -1.27588298e-01 ...  4.01984198e-01
  -2.19905880e-01  1.29009082e-02]]
LLSR Bias:
[[0.06639636 0.05303721 0.05935973 0.04038995 0.07539944 0.05225164
  0.05079812 0.03009718 0.04416237 0.03227467 0.02557187 0.06854889
  0.01879681 0.10566836 0.04927085 0.00243052 0.10553641 0.06848261
  0.04495132 0.0065757 ]]