// LLSR Weight Matrix
float weight[][] = {
    {0.56701569, 0.15488150, 0.06406335, -0.11195938, 0.25000485, -0.04129054, 0.09484184, -0.16411591, -0.04803658, -0.12145104, -0.05714489, -0.07804889, -0.00179707, -0.23430707, 0.04171929, 0.01453230, -0.27797915, -0.15238755, 0.10044199, 0.00101724},
    {-0.42162450, -0.22124619, -0.17954790, 0.20503949, -0.43543202, 0.16514215, -0.07036553, 0.17821004, 0.08242602, -0.00437287, 0.03403522, 0.04073634, -0.00565713, 0.27757150, -0.08893906, -0.00834583, 0.46365589, 0.22165096, -0.21164822, -0.02128837},
    {0.71701814, 0.07589758, -0.24416892, 0.11174430, -0.24779348, 0.20904389, 0.06511493, -0.06008425, -0.00418560, -0.41522288, -0.02741686, -0.11205820, 0.00080711, -0.04597589, 0.00687355, 0.01641613, 0.10954245, 0.11967146, -0.20068170, -0.07454174},
    {0.40746127, -0.06421476, -0.33453722, 0.21998358, -0.47814716, 0.30761162, 0.05531509, 0.01718127, 0.06301706, -0.37347484, -0.02705842, -0.05228677, 0.02787704, 0.05935295, -0.07271602, 0.01159701, 0.39222640, 0.19319020, -0.28270828, -0.06967002},
    {-0.20091924, -0.05791347, -0.00032103, 0.03970134, -0.03137959, -0.00572672, 0.00880885, 0.02894065, 0.02340065, 0.06038230, -0.00477991, 0.05635234, 0.01918419, 0.03112755, -0.02984431, -0.00427193, 0.05390806, -0.00289002, 0.01206480, 0.00417549},
    {-0.12122605, 0.02468087, 0.10691152, -0.08715880, 0.14154659, -0.09516189, -0.02524314, 0.00455710, -0.02048574, 0.11793908, 0.01467134, 0.01241185, -0.01758839, -0.00851657, 0.02802076, -0.00314873, -0.12255431, -0.05391840, 0.08285543, 0.02140747},
    {0.12369220, -0.01418692, -0.09367435, 0.05854532, -0.13322360, 0.08733560, 0.01115926, 0.00451729, 0.01812570, -0.10680611, -0.01266503, -0.02218554, 0.00532156, 0.02007060, -0.01815764, 0.00371981, 0.11187357, 0.05504404, -0.08010647, -0.01839931},
    {-0.00560088, -0.01582474, -0.01757436, 0.01884826, -0.02394437, 0.01363806, 0.00684903, -0.00018141, 0.00928218, -0.00863504, -0.00302462, 0.00120422, 0.00723276, -0.00142338, -0.00728249, 0.00035015, 0.02901666, 0.01249563, -0.01220418, -0.00322150},
    {1.53077893, 0.39409432, 0.15142716, -0.27938979, 0.69808393, -0.07364918, 0.29072152, -0.44313890, -0.12835350, -0.36478370, -0.15799771, -0.14818525, 0.01355703, -0.62825825, 0.13301966, 0.03409851, -0.83899098, -0.39405103, 0.23358285, -0.02256562},
    {0.21770389, 0.32648319, 0.06392092, 0.01903674, 0.20705141, -0.34119360, 0.12155688, -0.05017650, -0.00269555, 0.02714914, -0.08205281, 0.01015143, 0.01528363, -0.07915771, 0.03000711, 0.00754903, -0.07282844, -0.41235199, -0.00675959, 0.00132280},
    {-0.01066054, -0.37837455, -0.21001224, 0.03944248, -0.33918235, 0.50221650, -0.10009201, 0.05685000, 0.02112259, -0.20216586, 0.06176510, -0.01124791, -0.00522056, 0.05053306, -0.07399043, -0.00257272, 0.20049156, 0.51098977, -0.08115661, -0.02873527},
    {1.13361109, -0.18289392, -0.26261525, -0.06109821, -0.17757291, 0.59369036, 0.03717957, -0.19868942, -0.06341319, -0.59738853, 0.01763699, -0.18720805, -0.00626437, -0.28900511, 0.02185592, 0.02669873, -0.13439246, 0.47630982, -0.06174171, -0.08469934},
    {0.39619511, -0.04566618, -0.33553890, 0.23867135, -0.49343667, 0.29934939, 0.07441408, 0.02209944, 0.07548049, -0.38011805, -0.03861077, -0.03538578, 0.01603413, 0.05249595, -0.06540646, 0.01528693, 0.40200987, 0.16326016, -0.29180654, -0.06932755},
    {-0.37433368, 0.07639708, 0.00712396, 0.13074965, -0.05786139, -0.19685468, 0.02821556, 0.09666967, 0.03631738, 0.13645951, -0.01622759, 0.08571298, 0.02305146, 0.15099798, -0.04126864, -0.00871693, 0.15882415, -0.19053417, -0.05099679, 0.00627449},
    {-0.07902752, -0.00055480, 0.09027199, -0.09614063, 0.12518173, -0.04791730, -0.03212760, -0.00484862, -0.02368317, 0.09991440, 0.01832353, -0.00746697, -0.01292417, -0.01289173, 0.01838709, -0.00456780, -0.10763054, -0.01748100, 0.07615363, 0.01902947},
    {0.11920585, -0.02483788, -0.07470802, 0.03528616, -0.10308568, 0.10057833, 0.01971288, -0.00616958, 0.01826429, -0.09929650, -0.01644602, -0.01419000, -0.00425119, -0.00632259, -0.01034289, 0.00550409, 0.07476427, 0.05965320, -0.05858552, -0.01473320},
    {-0.03052063, -0.00507120, -0.01488288, 0.02596290, -0.02188792, -0.00296032, 0.00629479, 0.00570373, 0.00996346, 0.00153204, -0.00314711, 0.01507589, 0.00216003, 0.01093024, -0.00453658, -0.00062902, 0.03637772, -0.00243734, -0.02597952, -0.00194827},
    {0.57153628, 0.93991012, 0.18523016, 0.10823603, 0.56975265, -0.92162379, 0.36110827, -0.14840772, -0.01645587, 0.08998179, -0.22115104, -0.00423487, 0.04442628, -0.16019047, 0.09575114, 0.02168302, -0.23400726, -1.20048707, -0.08555511, 0.00449746},
    {0.10203684, -0.01115797, 0.00786519, 0.01340368, 0.05003417, -0.00595194, -0.00804623, -0.00157489, -0.02244473, -0.01743106, -0.00028446, 0.01682026, 0.02618958, -0.15919016, 0.00325788, -0.00428449, 0.05007257, -0.01464614, -0.01150986, -0.01315824},
    {0.17043903, 0.04692641, -0.08784819, 0.04655263, -0.15023042, 0.07473653, 0.10488606, -0.00181019, 0.00942781, -0.15000095, 0.01896522, -0.04441948, 0.00986284, 0.11623236, -0.04224150, 0.01319566, -0.02439735, -0.01296463, -0.07074281, -0.02656904},
    {1.33407241, 0.26596113, -0.16282729, -0.04423468, 0.05749871, 0.16547055, 0.23050425, -0.26852130, -0.04077480, -0.54672382, -0.08050673, -0.20259716, -0.00899880, -0.20762663, 0.06100710, 0.04378514, -0.37669764, -0.10502693, -0.04399966, -0.06976384},
    {0.36443160, -0.06322472, -0.32389757, 0.22960364, -0.51093526, 0.31972510, 0.08110077, 0.04937844, 0.06559216, -0.36694849, -0.03778324, -0.03486576, 0.00159138, 0.05231891, -0.07338607, 0.01493512, 0.40676889, 0.18259871, -0.29109431, -0.06590929},
    {-0.48216937, -0.14677406, -0.03437483, 0.13339318, -0.17422906, 0.02060979, -0.06843856, 0.13673913, 0.03498667, 0.11045195, 0.02491350, 0.08566789, 0.02379937, 0.09373809, -0.04931865, -0.01887745, 0.28889527, 0.09048893, -0.06955834, 0.00005655},
    {-0.05079543, 0.03664899, 0.08189819, -0.08978143, 0.16556182, -0.08454516, -0.02174830, -0.03570314, -0.02087491, 0.09857396, 0.01161855, 0.00098291, 0.00017543, -0.00799586, 0.01756738, -0.00266650, -0.13292214, -0.06754982, 0.08259891, 0.01895656},
    {0.13988875, -0.00471869, -0.07758470, 0.03662400, -0.10616043, 0.09341833, 0.04053488, 0.00243614, 0.01252322, -0.10153454, -0.02600696, -0.01239555, -0.01243085, 0.00442028, -0.01566936, 0.00893414, 0.06471024, 0.02834948, -0.06332208, -0.01201630},
    {-0.04333220, -0.02175296, -0.01545320, 0.02576667, -0.04699252, 0.02322640, 0.00054159, 0.02056841, 0.00463510, -0.00019020, 0.00395192, 0.01393723, -0.00264901, 0.00730705, -0.00534009, -0.00140163, 0.04861773, 0.03070304, -0.03874782, -0.00339553},
    {0.16401241, -0.06788663, -0.01900690, 0.08525767, 0.09029225, 0.00048062, -0.07983171, -0.00508555, -0.02377646, -0.04398591, -0.01219677, 0.04415167, 0.04631760, -0.32184784, 0.02783645, -0.01669306, 0.21289426, -0.00677195, -0.05377479, -0.02038536},
    {0.19813502, -0.03098958, 0.07911254, 0.02728563, 0.13343000, 0.00819031, 0.06820692, 0.02078267, 0.00992623, -0.01488087, 0.00005220, -0.13854435, 0.00623033, -0.25118829, -0.04824744, 0.01709552, -0.09411671, -0.00186897, -0.01269260, 0.02408145},
    {0.05505253, 0.07093565, -0.17173702, 0.06215992, -0.27792357, 0.09395084, 0.00133892, -0.02863412, 0.00977048, -0.15573157, -0.02057613, 0.10595295, 0.00874782, 0.24647151, 0.01398019, -0.01309448, 0.15956517, 0.00376345, -0.11510207, -0.04889047},
    {1.24050197, 0.26475009, -0.25278439, -0.06102936, -0.05262372, 0.15775597, 0.18645849, -0.32629100, -0.08464187, -0.57602381, -0.09572783, -0.04750108, -0.00337410, -0.08510498, 0.13823611, 0.01657481, -0.16348600, -0.12376153, -0.03224057, -0.09968720},
    {0.37912270, -0.09156294, -0.32186210, 0.23530312, -0.51358239, 0.32106662, 0.10307755, 0.03678709, 0.07716098, -0.37743923, -0.03081126, -0.03672051, 0.00114983, 0.06334302, -0.08202163, 0.02199776, 0.37395338, 0.19704845, -0.28712659, -0.06888385},
    {-0.42260369, -0.12725557, -0.01496121, 0.14199715, -0.12121919, 0.03128439, -0.03483859, 0.16001321, 0.05682758, 0.11257172, 0.03906521, 0.02615551, 0.02563335, 0.03511976, -0.10622272, -0.00486118, 0.18253774, 0.11269740, -0.10108693, 0.00914607},
    {-0.05968220, 0.05904247, 0.08985429, -0.09798188, 0.16498029, -0.09399408, -0.03850352, -0.02907225, -0.03141204, 0.10793078, 0.00841583, 0.00108004, 0.00401805, -0.01396633, 0.02801548, -0.00917397, -0.10029268, -0.08855074, 0.07829614, 0.02099632},
    {0.13178656, -0.01729996, -0.06408067, 0.03419743, -0.09756377, 0.08359566, 0.04175241, -0.00646083, 0.01259284, -0.09297544, -0.01665495, -0.01038712, -0.01618249, 0.01978344, -0.00465206, 0.00952876, 0.04537758, 0.01478466, -0.05782750, -0.00931457},
    {-0.03567070, -0.02181911, -0.00863997, 0.02464358, -0.03400271, 0.01628770, 0.01087848, 0.01816351, 0.00766195, 0.00380193, 0.00765540, 0.00910892, -0.00396286, 0.00536925, -0.01037388, 0.00247517, 0.01787030, 0.02925866, -0.03557007, -0.00313555},
    {0.38144197, -0.06915751, 0.14625560, 0.08624111, 0.32055461, -0.00358498, 0.12898358, 0.08237340, 0.04565380, 0.02456359, -0.00360404, -0.29687435, 0.03722234, -0.58101950, -0.10362009, 0.03196264, -0.21097611, 0.00394465, -0.06481102, 0.04445032},
    {0.15243938, -0.04838427, 0.02655364, 0.02661697, 0.10782512, -0.02706494, 0.00239540, -0.00537304, -0.00603371, -0.01190966, -0.02323452, -0.24510634, -0.01976140, -0.03166267, -0.14941092, 0.02595761, 0.06493937, 0.07056329, 0.01840522, 0.07224547},
    {0.22502326, 0.18228274, -0.28146629, 0.13116125, -0.46746144, 0.18143023, 0.11697494, -0.02251126, -0.00905004, -0.30809606, 0.05949654, 0.49736811, 0.08645156, -0.06019620, 0.26964737, -0.05067839, 0.03798712, -0.08567566, -0.25712550, -0.24556227},
    {4.29734024, 0.92090120, -0.65770971, -0.15181259, -0.06112247, 0.60092596, 0.80703706, -0.91893712, -0.18278072, -1.90592873, -0.23961981, 0.24582102, 0.03767755, -1.02677845, 0.77786528, -0.02669550, -1.19927437, -0.65119542, -0.17065879, -0.49505463},
    {0.55685753, -0.12107564, -0.48637784, 0.34768798, -0.74065022, 0.46048413, 0.12537535, 0.06536128, 0.11749760, -0.52993261, -0.07253573, -0.06737919, -0.00980146, 0.12523663, -0.13769543, 0.03102416, 0.58626615, 0.25325905, -0.40072940, -0.10287232},
    {-1.35363026, -0.40075969, -0.11338126, 0.40061207, -0.45305613, 0.06276708, -0.19319990, 0.43371356, 0.14674452, 0.35630801, 0.07594509, -0.05952384, 0.04291777, 0.35699592, -0.45954502, 0.02417349, 0.84623784, 0.49848752, -0.30652430, 0.09471752},
    {-0.08886953, 0.06457933, 0.14618003, -0.14087510, 0.22337666, -0.12771253, -0.02730089, -0.03313719, -0.04728681, 0.13531553, 0.04061396, 0.00832694, 0.00722115, -0.02688712, 0.06369163, -0.01510686, -0.20773459, -0.11240655, 0.10511952, 0.03289245},
    {0.30789093, -0.03799853, -0.16843348, 0.09915036, -0.19876268, 0.18218739, 0.08721651, -0.00872522, 0.03117073, -0.19963942, -0.04997313, -0.02587974, -0.02835570, 0.04838315, -0.01059863, 0.01653898, 0.09830561, -0.00145068, -0.11143963, -0.02958681},
    {-0.06008860, -0.02872771, -0.02980817, 0.03845912, -0.05236063, 0.04177480, -0.00148592, 0.02535762, 0.01217592, 0.00963529, 0.01258990, 0.00609366, -0.00580659, 0.01951115, -0.02666519, 0.00454638, 0.05820408, 0.04185497, -0.06255206, -0.00270801},
    {0.62735709, -0.19509325, 0.13979969, 0.12488001, 0.48252999, -0.21027016, -0.03130650, 0.05179110, -0.03022506, -0.05951244, -0.04393624, -1.22943713, -0.10845122, -0.04451041, -0.84166938, 0.12631415, 0.45583385, 0.35681016, 0.01744046, 0.41165528},
    {0.18767199, -0.07631328, -0.07742642, -0.09542405, 0.31866794, -0.54760151, 0.17723086, -0.02375331, 0.11678039, -0.03243319, -0.07169762, 0.10699196, -0.00652842, 0.04593173, 0.11402150, 0.00213704, -0.42728841, -0.06094464, 0.34898534, 0.00099212},
    {0.07832413, 0.16073437, -0.09932012, 0.24759318, -0.64625345, 0.93973329, -0.17156212, 0.02342792, -0.15091472, -0.22269340, 0.05243430, -0.12460057, 0.01594124, -0.20925040, -0.11344877, -0.01534809, 0.75773024, 0.19729471, -0.65057425, -0.06924748},
    {2.95400712, 0.79349813, -0.22678768, 0.08825919, -0.57924682, 1.67583304, 0.15037645, -0.55002448, -0.45384121, -1.35042972, -0.06821537, -0.54978300, -0.02375007, -1.05487439, -0.02107581, 0.03431763, 0.46959526, -0.15954311, -0.94751657, -0.18079858},
    {0.64459203, -0.17400971, -0.57413087, 0.41090510, -0.83536935, 0.53162969, 0.16005513, 0.06498434, 0.14743480, -0.59876240, -0.08272071, -0.06189676, 0.06721563, 0.13552837, -0.17791649, 0.01959757, 0.61989619, 0.27935827, -0.44258206, -0.13380877},
    {-0.53110169, -0.22774140, -0.09393474, 0.09025296, -0.04652364, -0.28864188, 0.02671060, 0.14662782, 0.14617436, 0.15144535, 0.01191340, 0.14945194, 0.03473562, 0.22703631, -0.05893083, -0.00896421, 0.02051965, 0.13285658, 0.10100678, 0.01710701},
    {-0.11291967, 0.13257910, 0.20880439, -0.18698449, 0.27163471, -0.14809656, -0.05750981, -0.03324460, -0.08559109, 0.16421553, 0.04567742, -0.01635511, -0.04206044, -0.04876368, 0.07889214, -0.00092614, -0.19385425, -0.13746442, 0.11177259, 0.05019438},
    {0.16951596, -0.03106666, -0.10601202, 0.08249975, -0.14208968, 0.16309750, 0.03371357, -0.00794609, 0.00498507, -0.11287399, -0.03021553, -0.03291994, 0.00617006, 0.01256631, -0.02541350, 0.00810590, 0.10186177, 0.01211565, -0.08142690, -0.02466723},
    {-0.05456286, -0.01699124, -0.04828068, 0.04457288, -0.04104196, -0.01882588, 0.02406394, 0.02302865, 0.02859965, 0.00512224, 0.00309156, 0.03545230, 0.01369454, 0.03645168, -0.01558735, -0.00374126, 0.01590816, 0.02348205, -0.04281599, -0.01162042},
    {0.38737951, -0.26940345, -0.15453700, -0.25588789, 0.73824641, -1.27326447, 0.40878256, -0.06195702, 0.28716378, -0.04065606, -0.16964801, 0.21216180, 0.01276557, 0.20128582, 0.15954564, 0.02082024, -1.00580948, -0.07015760, 0.83672723, 0.03644243},
    {0.03193138, 0.02785788, -0.00168156, 0.00110783, 0.04396949, -0.02274702, 0.01227443, 0.00157544, -0.01089352, -0.00129865, -0.00911603, -0.00740939, -0.00126895, -0.01104249, -0.00678716, 0.00181572, -0.02608123, -0.04075420, 0.01619266, 0.00235537},
    {0.23002902, -0.05658044, -0.11947132, 0.07120195, -0.18279263, 0.16274246, 0.03639018, -0.01328007, 0.05497918, -0.18862660, 0.01251213, -0.01281994, 0.01855702, -0.05366540, -0.03643305, 0.00200053, 0.08739709, 0.15002063, -0.13700704, -0.02515372},
    {1.02950983, 0.16880823, -0.11690958, -0.04125135, 0.07814915, 0.08720394, 0.17920729, -0.17520027, -0.03436792, -0.42607546, -0.08560646, -0.09535248, -0.00416755, -0.27265818, 0.05441713, 0.01482608, -0.19807461, -0.10945923, -0.00407431, -0.04892426},
    {0.29356843, -0.09654051, -0.26130042, 0.19228670, -0.38992675, 0.26008425, 0.04898178, 0.02735118, 0.05664963, -0.27013276, -0.02312029, -0.02445764, 0.03084017, 0.03911991, -0.08988441, 0.00850799, 0.32222552, 0.13784032, -0.20347170, -0.05862142},
    {-0.42935077, -0.13404416, -0.02936951, 0.10051359, -0.18688894, 0.06314635, -0.05690769, 0.10222335, 0.04105018, 0.10447308, 0.04250973, 0.05815732, 0.02977778, 0.12644516, -0.07773900, -0.00667682, 0.20164738, 0.13037368, -0.08999242, 0.01065174},
    {-0.04761666, 0.06635065, 0.07448346, -0.07641076, 0.12094458, -0.08385899, -0.00373929, -0.00838114, -0.01523405, 0.06659665, -0.00011203, -0.00095312, -0.02153026, -0.00700678, 0.04932108, -0.00172393, -0.11680829, -0.06486832, 0.05587646, 0.01467075},
    {0.12693498, -0.04430713, -0.08234765, 0.05001091, -0.07502222, 0.09110031, 0.01860026, -0.00941522, -0.00139105, -0.07584786, -0.01112906, -0.01288235, 0.00288966, 0.00408505, -0.01312299, 0.00464362, 0.06316863, 0.01933384, -0.03790140, -0.01740034},
    {-0.02395721, -0.00106046, -0.01523213, 0.02618052, -0.03018260, 0.00672912, -0.00151182, 0.00884697, 0.00593844, 0.00245758, 0.00580788, 0.01105107, 0.00655405, 0.00882052, -0.01765754, -0.00155998, 0.03692066, 0.00440239, -0.02972162, -0.00282583},
    {-0.00301398, -0.03775297, 0.01398956, -0.00200919, 0.02813488, 0.02145239, -0.00526123, 0.01179745, -0.03490394, 0.01377967, -0.01284627, 0.00138846, -0.00199649, -0.00310560, -0.01041087, 0.00137053, -0.01709004, 0.03043253, 0.00502791, 0.00101718},
    {-0.11543749, 0.08665834, 0.04791287, 0.04851813, -0.24076402, 0.41857428, -0.13728275, 0.02545419, -0.11091198, 0.00296130, 0.06120865, -0.00457912, -0.00177214, -0.07642589, -0.04392595, -0.00137186, 0.32740058, 0.02887027, -0.26972656, -0.04536085},
    {0.60272923, -0.17917950, -0.26613179, -0.00991369, 0.20917266, -0.61879749, 0.34724907, -0.06031512, 0.21783225, -0.28179998, -0.09059638, 0.11335226, 0.04079243, 0.05931962, 0.03058353, 0.02235283, -0.51010738, 0.05707876, 0.31650690, -0.00012820},
    {5.18136814, 0.40226144, -0.75578895, -0.51465678, 1.51278996, -1.54565981, 1.41884809, -0.80005392, 0.29710665, -2.00063360, -0.63138841, -0.09566567, -0.00277634, -0.96158437, 0.44770472, 0.09219807, -2.41420436, -0.71531838, 1.25709809, -0.17164459},
    {0.74019191, -0.22012385, -0.62949376, 0.46895134, -0.95145880, 0.66312432, 0.08564110, 0.06102833, 0.13452041, -0.65883261, -0.06399443, -0.05338502, 0.08127748, 0.07483034, -0.23435686, 0.02876183, 0.83153671, 0.28104218, -0.49673516, -0.14252547},
    {-1.68185926, -0.31811390, -0.03323756, 0.49792851, -1.17467417, 1.10692468, -0.50497447, 0.30878091, -0.04209559, 0.41077680, 0.27093734, -0.03142410, 0.08317622, 0.32228254, -0.37032053, -0.04462155, 1.43142564, 0.61457292, -0.89882037, 0.05333596},
    {-0.12627190, 0.14354999, 0.16874322, -0.17662513, 0.30966271, -0.25304031, 0.03780280, 0.00304233, -0.03252309, 0.14693671, -0.00059659, 0.00132493, -0.03959191, 0.00219927, 0.11010434, -0.00934883, -0.32678704, -0.13406168, 0.14714857, 0.02833161},
    {0.35030102, -0.10460657, -0.21388950, 0.10497981, -0.12463541, 0.14193850, 0.05969465, -0.02229263, 0.02689582, -0.19530538, -0.03304328, 0.00953169, 0.00884302, 0.00660089, -0.02515926, 0.02125782, 0.08840302, 0.01079432, -0.05750860, -0.05279995},
    {-0.05295806, 0.01055368, -0.03552383, 0.05665692, -0.09218441, 0.06562257, -0.02679650, 0.00874806, 0.00019313, -0.00179758, 0.01828848, 0.01432722, 0.00874264, 0.00083667, -0.03773710, -0.00038922, 0.12837325, 0.03418120, -0.09652864, -0.00260848},
    {-0.63642160, 0.41819457, 0.25312953, 0.27743301, -1.21629310, 2.10437869, -0.63972796, 0.11281517, -0.48089443, 0.05403666, 0.23120606, -0.23201890, -0.00993836, -0.36686699, -0.20125093, -0.03421065, 1.71862055, 0.16501101, -1.38323504, -0.13396732},
    {-0.14359284, 0.09496284, -0.03896869, -0.05595014, -0.13402408, 0.01866271, -0.02178167, -0.00388670, -0.02316943, -0.00980738, 0.02486263, 0.34511214, 0.01009457, 0.03581435, 0.27365907, -0.06246047, -0.12485780, -0.07693313, -0.01392447, -0.09381151},
    {0.68189338, -0.13025968, -0.17724776, 0.17801092, -0.12521689, 0.20672893, 0.09232406, -0.01044984, 0.06002870, -0.36844802, -0.07604425, -0.53431210, 0.04387745, -0.13226459, -0.36214806, 0.04930907, 0.34438858, 0.30078051, -0.17005232, 0.12910193},
    {3.37241072, 0.40537212, -0.30115024, -0.11514733, 0.50510303, 0.13382029, 0.53737617, -0.44648231, -0.10408197, -1.34306369, -0.31162854, -0.76255262, -0.06253717, -0.91291475, -0.18965703, 0.13602787, -0.39395977, -0.19361209, 0.05765665, -0.01097936},
    {0.73481992, -0.20502539, -0.63549651, 0.45426630, -0.92863241, 0.61036750, 0.10175194, 0.04010038, 0.15213307, -0.65435010, -0.07809370, -0.02633729, 0.09048379, 0.11452501, -0.23025365, 0.03569557, 0.78255921, 0.26527476, -0.47145696, -0.15233144},
    {-0.64516789, -0.14470330, -0.06528976, 0.14211124, -0.33125271, 0.15201156, -0.08446920, 0.08846702, 0.06575315, 0.16940107, 0.08053858, 0.16288357, 0.06823902, 0.17809090, -0.02180904, -0.03463600, 0.23688358, 0.17752966, -0.18576752, -0.00881393},
    {-0.15226872, 0.14087487, 0.20329693, -0.18841226, 0.32187908, -0.23371108, 0.01337667, 0.01922372, -0.06505002, 0.16658196, 0.02156589, -0.01880494, -0.08251416, -0.02417083, 0.12069089, -0.00940956, -0.29069461, -0.13145050, 0.14723777, 0.04175890},
    {0.22578712, -0.05562679, -0.14356978, 0.07348285, -0.10971158, 0.14195909, 0.01684524, -0.01513935, 0.00160548, -0.13238271, -0.01565962, -0.00731222, -0.00061546, 0.01265654, -0.04435882, 0.01956477, 0.11403227, 0.03853587, -0.08289861, -0.03719429},
    {-0.05211332, -0.02323828, -0.05579946, 0.06233996, -0.08442568, 0.02304626, -0.01040421, -0.00136874, 0.02341633, 0.00051380, 0.01426573, 0.04558117, 0.02680913, 0.02332049, -0.03472334, -0.00333273, 0.10602458, 0.00584292, -0.05293985, -0.01281477},
    {-0.42469995, 0.13280832, -0.10021870, -0.07013606, -0.32893130, 0.09347220, -0.00663846, -0.05330971, -0.01252953, 0.03262045, 0.03088655, 0.86680313, 0.02426167, 0.08081302, 0.57940923, -0.11723688, -0.23602560, -0.24500557, 0.01822982, -0.26457262},
    {-0.12253641, 0.03037629, -0.06307392, -0.06055093, -0.09899506, -0.01015426, -0.02156159, -0.04571675, -0.02238035, -0.00075869, 0.00974692, 0.10754277, -0.01064513, 0.20726123, 0.05094759, -0.01477371, 0.05715752, 0.01182555, 0.01662974, -0.02034082},
    {0.43403387, -0.01036769, -0.02139052, 0.11173803, 0.00074300, 0.06188098, 0.11944942, 0.03617911, 0.04014555, -0.17304638, -0.01286911, -0.16195595, 0.04673926, -0.31481731, -0.08023765, 0.01278644, -0.01519325, 0.04812803, -0.12462848, 0.00268265},
    {1.51612001, 0.20040491, -0.06919992, -0.04771444, 0.25821900, 0.07905088, 0.30802576, -0.17961808, -0.03524803, -0.59078339, -0.11925230, -0.20545956, 0.00379474, -0.66109328, 0.03951606, 0.03780520, -0.34311120, -0.11922227, -0.01393539, -0.05829869},
    {0.36034286, -0.08565546, -0.34373629, 0.23307777, -0.48902630, 0.33090525, 0.06950014, 0.02177334, 0.08220725, -0.32876933, -0.05153700, -0.02470791, 0.05324374, 0.04587000, -0.11374270, 0.01931110, 0.42295334, 0.13815098, -0.25817581, -0.08198496},
    {-0.52371577, -0.12950206, -0.09288262, 0.12110411, -0.27496542, 0.11174903, -0.09712990, 0.07845337, 0.05270685, 0.13739507, 0.04733528, 0.06416243, 0.04130408, 0.26833810, -0.07526638, -0.01584667, 0.26127518, 0.12691232, -0.11213874, 0.01071174},
    {-0.06494375, 0.05987353, 0.11323944, -0.09892888, 0.16348057, -0.12636347, -0.00127257, 0.00068597, -0.03926489, 0.06923350, 0.02046067, 0.01137651, -0.04149408, -0.01152336, 0.05315781, -0.00749781, -0.14762086, -0.05039155, 0.07314998, 0.02464322},
    {0.13861078, -0.00870203, -0.08881319, 0.04387589, -0.06945927, 0.08560809, 0.02228429, -0.01266783, 0.00562094, -0.08472489, -0.01427138, 0.00053658, 0.00190965, -0.01540132, -0.01493059, 0.01021261, 0.06589995, 0.02428662, -0.06446241, -0.02541248},
    {-0.02746849, -0.01596500, -0.02978761, 0.02718711, -0.03865929, 0.01846150, -0.00253907, 0.00245736, 0.01171747, 0.00549346, 0.00102830, 0.00326609, 0.01081041, 0.01910181, -0.01488930, 0.00028396, 0.05465427, -0.00036751, -0.01996078, -0.00482470},
    {-0.37810482, 0.09587307, -0.16804626, -0.10859092, -0.30784580, -0.05566624, -0.11592734, -0.09879430, -0.04615970, -0.00223934, 0.00620874, 0.31567063, -0.03636325, 0.64462137, 0.11016085, -0.03651030, 0.21710037, -0.00761282, 0.01431182, -0.04208579},
    {-0.01991329, 0.02274856, -0.00789840, -0.01844845, -0.01124414, -0.00374964, 0.03004851, -0.00800171, 0.00791877, -0.00428504, -0.01214228, -0.01117271, -0.02638802, 0.12642550, 0.01391353, 0.00474156, -0.08977119, -0.03625964, 0.03416586, 0.00931223},
    {0.30267933, -0.06258736, -0.10998911, 0.11108517, -0.09613734, 0.07452491, 0.04838573, -0.00617092, 0.03377129, -0.18141713, -0.04025173, -0.03168340, 0.04950826, -0.17715345, -0.02166976, -0.00743418, 0.17907134, 0.02146169, -0.06072464, -0.02526867},
    {1.37517898, 0.21242085, -0.16561189, -0.04772392, 0.13973449, 0.08159083, 0.22375385, -0.21831584, -0.07081726, -0.60400499, -0.12340507, -0.04726410, 0.00419133, -0.52584424, 0.11081476, 0.00833857, -0.11892686, -0.11177162, -0.03740422, -0.08493365},
    {0.36325984, -0.09777042, -0.34464885, 0.23763308, -0.47800801, 0.34571085, 0.06889322, 0.01986728, 0.08994388, -0.32737859, -0.05435779, -0.02521513, 0.05627189, 0.04976754, -0.12333377, 0.02048242, 0.38806590, 0.14227748, -0.25195661, -0.07950420},
    {-0.48093162, -0.13671401, -0.01476085, 0.11221488, -0.21114810, 0.08610544, -0.05681193, 0.09253112, 0.07473194, 0.15610058, 0.05784124, -0.01978288, 0.05326937, 0.20714550, -0.11081542, -0.00094374, 0.14746807, 0.10850566, -0.08957250, 0.02556724},
    {-0.06466912, 0.08362913, 0.10243272, -0.09808286, 0.15321909, -0.13705964, -0.00035850, 0.00585733, -0.05023076, 0.06721778, 0.01882044, 0.01448843, -0.04953913, -0.01214451, 0.06138075, -0.00988820, -0.11125546, -0.06109921, 0.06333869, 0.02394305},
    {0.13804808, 0.00263832, -0.09784511, 0.04400117, -0.07363931, 0.06869106, 0.02032890, -0.01321050, 0.00591936, -0.08737184, -0.01771720, 0.01569413, 0.00032510, -0.00028946, -0.01305715, 0.00809736, 0.06737804, 0.01379499, -0.05559636, -0.02618960},
    {-0.02405023, -0.01911686, -0.02853547, 0.03106979, -0.03602477, 0.03002572, -0.00565302, 0.00140811, 0.01956096, 0.00507040, 0.00472822, 0.00136030, 0.01421691, 0.01928023, -0.02198235, 0.00232408, 0.03969135, 0.00176052, -0.02988168, -0.00525220},
    {-0.09934147, 0.04764079, 0.05275328, -0.06754352, -0.05380170, -0.04987042, 0.08369423, 0.01314074, 0.02062599, 0.03203502, 0.00586681, -0.04518438, -0.04714644, 0.34153133, -0.01591085, 0.01874995, -0.24273869, -0.11982230, 0.10583657, 0.01948507},
    {-0.17310699, -0.32893638, -0.06641321, -0.04048529, -0.16181140, 0.32617594, -0.10835540, 0.04372340, -0.00340004, -0.03933708, 0.08264459, -0.01471889, -0.01180021, 0.04298976, -0.03454955, -0.00657219, 0.04061871, 0.42593853, 0.02440783, 0.00298787},
    {0.45208448, 0.37255799, -0.01686117, 0.10983438, 0.10744705, -0.27314605, 0.21365326, -0.07546458, 0.03130706, -0.12321254, -0.08545783, -0.05645398, 0.05361908, -0.11205211, -0.00589211, 0.01561052, -0.02165823, -0.45852430, -0.10977785, -0.01761308},
    {1.66101223, 0.69450586, -0.07716259, -0.02088943, 0.36812619, -0.36711791, 0.44126288, -0.30737231, -0.06596032, -0.57033985, -0.23669522, -0.07130427, 0.01784989, -0.46521220, 0.16091160, 0.02205249, -0.35944308, -0.71988340, -0.02782173, -0.07651884},
    {0.35093242, -0.12450967, -0.35505696, 0.23670048, -0.51189042, 0.37778201, 0.08404557, 0.04008547, 0.08040019, -0.32996697, -0.03527828, -0.04277281, 0.05714820, 0.03760876, -0.12355948, 0.01800849, 0.40593041, 0.19378960, -0.27765429, -0.08174271},
    {-0.61604186, -0.37216475, -0.07562029, 0.09951637, -0.33210792, 0.31698587, -0.14182916, 0.13687119, 0.07011111, 0.13283686, 0.12259786, -0.00381593, 0.03678276, 0.17822316, -0.14622297, -0.00182942, 0.29011761, 0.38404735, -0.09660771, 0.01814985},
    {-0.04019950, 0.11191995, 0.11189846, -0.08875716, 0.17503200, -0.16645806, -0.01979343, -0.00798642, -0.03301271, 0.06682120, -0.00402378, 0.02246660, -0.04358531, -0.00134164, 0.06826817, -0.00905084, -0.13494934, -0.11684612, 0.08366236, 0.02593556},
    {0.15436549, 0.02215227, -0.09382437, 0.04859598, -0.06990100, 0.04487988, 0.03840891, -0.00431648, 0.00624338, -0.08370269, -0.02199582, 0.00351428, 0.00534169, 0.00041891, -0.00819349, 0.00579961, 0.05005065, -0.01503666, -0.05686471, -0.02593582},
    {-0.03551755, -0.03780308, -0.03044695, 0.02515482, -0.04692778, 0.05016556, -0.00473515, 0.00897720, 0.00622951, 0.00331345, 0.01002347, -0.00221039, 0.01270004, 0.01311010, -0.02567008, 0.00217122, 0.04777418, 0.03993494, -0.03072213, -0.00552138},
    {-0.54204311, -0.97707698, -0.20351031, -0.09402515, -0.54273400, 0.93300448, -0.34358543, 0.16018932, 0.00053285, -0.10986956, 0.23178136, -0.00319207, -0.03299372, 0.15003656, -0.11936297, -0.01766248, 0.22928381, 1.19864717, 0.07741917, 0.00516105},
    {-0.39539672, -0.09302497, -0.02936151, 0.07970467, -0.18345854, 0.03192769, -0.09253033, 0.11478130, 0.02674826, 0.04821904, 0.05250125, 0.01459506, -0.00675872, 0.17075191, -0.01674685, -0.01126325, 0.23185798, 0.13695377, -0.08569590, 0.00619586},
    {0.68718908, 0.12016408, -0.00420896, -0.05574653, 0.11765706, 0.06974140, 0.15612182, -0.16489559, -0.00869085, -0.23279111, -0.05999656, -0.07731173, 0.04709925, -0.28549386, 0.00226925, 0.01437545, -0.19725526, -0.10447518, 0.00175536, -0.02550711},
    {1.73640426, 0.36511577, -0.09317386, -0.15504701, 0.35250175, 0.00860043, 0.31011559, -0.37180258, -0.12006516, -0.62756824, -0.15524535, -0.12740619, 0.00074983, -0.55025196, 0.15266698, 0.02586220, -0.53130974, -0.24842914, 0.10320784, -0.07492544},
    {0.31092557, -0.09963798, -0.33970859, 0.24412855, -0.50939824, 0.32998494, 0.06599026, 0.03802152, 0.08438595, -0.29549438, -0.03647646, -0.02661427, 0.03989685, 0.06625103, -0.10753275, 0.01656303, 0.39476295, 0.17208356, -0.27394331, -0.07418820},
    {-0.80659667, -0.23704602, -0.06540392, 0.17484207, -0.35205301, 0.13100638, -0.11349680, 0.20393033, 0.10896397, 0.23051757, 0.08035356, 0.03919162, 0.03030329, 0.28888985, -0.14504673, -0.00568009, 0.40562579, 0.16871750, -0.15890205, 0.02188334},
    {-0.01023345, 0.07393196, 0.10567468, -0.09799882, 0.18986125, -0.12972147, -0.02008123, -0.01407341, -0.04546077, 0.04177532, 0.01087526, 0.00419520, -0.02668864, -0.02732247, 0.05584248, -0.00734144, -0.14526134, -0.06671394, 0.08924451, 0.01949632},
    {0.17904029, -0.00058444, -0.09642246, 0.04894218, -0.08865045, 0.06788218, 0.02974961, -0.01705929, 0.00691524, -0.09805702, -0.01807292, -0.00003326, 0.00276071, -0.00882784, -0.00847890, 0.00590987, 0.04238394, 0.02525796, -0.04856942, -0.02408598},
    {-0.06659843, -0.03396643, -0.02471070, 0.03268778, -0.06290237, 0.03306739, -0.00126511, 0.01518048, 0.01497809, 0.02072990, 0.00384678, 0.00425873, 0.00614303, 0.02941271, -0.02436238, 0.00144558, 0.06334134, 0.02118597, -0.03080839, -0.00166398},
    {-1.16801374, -0.32721503, -0.12758830, 0.24325726, -0.55686413, 0.05271735, -0.27147102, 0.34091527, 0.09713240, 0.21921473, 0.13211182, 0.07246368, -0.03196955, 0.55570289, -0.07413259, -0.02697304, 0.67573276, 0.40198420, -0.21990588, 0.01290091},
};

// LLSR Bias Matrix
float bias[] = {0.06639636, 0.05303721, 0.05935973, 0.04038995, 0.07539944, 0.05225164, 0.05079812, 0.03009718, 0.04416237, 0.03227467, 0.02557187, 0.06854889, 0.01879681, 0.10566836, 0.04927085, 0.00243052, 0.10553641, 0.06848261, 0.04495132, 0.00657570};
